astree.o:
     $Id: auxlib.h,v 1.2 2013-10-11 18:53:00-07 - - $
     $Id: astree.h,v 1.2 2013-10-11 18:52:46-07 - - $
     $Id: stringset.h,v 1.1 2013-10-11 18:53:00-07 - - $
     $Id: lyutils.h,v 1.2 2013-10-11 18:53:00-07 - - $
     $Id: astree.cpp,v 1.1 2014-10-03 18:22:05-07 - - $
     $Compiled: astree.cc Nov 20 2014 16:59:07 $

lyutils.o:
     $Id: auxlib.h,v 1.2 2013-10-11 18:53:00-07 - - $
     $Id: astree.h,v 1.2 2013-10-11 18:52:46-07 - - $
     $Id: lyutils.h,v 1.2 2013-10-11 18:53:00-07 - - $
     $Id: stringset.h,v 1.1 2013-10-11 18:53:00-07 - - $
     $Id: lyutils.cpp,v 1.1 2014-10-03 18:22:05-07 - - $
     $Compiled: lyutils.cc Nov 20 2014 16:59:07 $

auxlib.o:
     $Id: auxlib.h,v 1.2 2013-10-11 18:53:00-07 - - $
     $Id: auxlib.cpp,v 1.1 2014-10-03 18:22:05-07 - - $
     $Compiled: auxlib.cc Nov 20 2014 16:59:07 $

stringset.o:
     $Id: auxlib.h,v 1.2 2013-10-11 18:53:00-07 - - $
     $Id: stringset.h,v 1.1 2013-10-11 18:53:00-07 - - $

main.o:
     $Id: auxlib.h,v 1.2 2013-10-11 18:53:00-07 - - $
     $Id: astree.h,v 1.2 2013-10-11 18:52:46-07 - - $
     $Id: lyutils.h,v 1.2 2013-10-11 18:53:00-07 - - $
     $Id: stringset.h,v 1.1 2013-10-11 18:53:00-07 - - $

yylex.o:
     $Id: auxlib.h,v 1.2 2013-10-11 18:53:00-07 - - $
     $Id: astree.h,v 1.2 2013-10-11 18:52:46-07 - - $
     $Id: lyutils.h,v 1.2 2013-10-11 18:53:00-07 - - $

yyparse.o:
     $Id: auxlib.h,v 1.2 2013-10-11 18:53:00-07 - - $
     $Id: astree.h,v 1.2 2013-10-11 18:52:46-07 - - $
     $Id: lyutils.h,v 1.2 2013-10-11 18:53:00-07 - - $

oc:
     $Id: auxlib.h,v 1.2 2013-10-11 18:53:00-07 - - $
     $Id: astree.h,v 1.2 2013-10-11 18:52:46-07 - - $
     $Id: stringset.h,v 1.1 2013-10-11 18:53:00-07 - - $
     $Id: lyutils.h,v 1.2 2013-10-11 18:53:00-07 - - $
     $Id: astree.cpp,v 1.1 2014-10-03 18:22:05-07 - - $
     $Compiled: astree.cc Nov 20 2014 16:59:07 $
     $Id: auxlib.h,v 1.2 2013-10-11 18:53:00-07 - - $
     $Id: astree.h,v 1.2 2013-10-11 18:52:46-07 - - $
     $Id: lyutils.h,v 1.2 2013-10-11 18:53:00-07 - - $
     $Id: stringset.h,v 1.1 2013-10-11 18:53:00-07 - - $
     $Id: lyutils.cpp,v 1.1 2014-10-03 18:22:05-07 - - $
     $Compiled: lyutils.cc Nov 20 2014 16:59:07 $
     $Id: auxlib.h,v 1.2 2013-10-11 18:53:00-07 - - $
     $Id: auxlib.cpp,v 1.1 2014-10-03 18:22:05-07 - - $
     $Compiled: auxlib.cc Nov 20 2014 16:59:07 $
     $Id: auxlib.h,v 1.2 2013-10-11 18:53:00-07 - - $
     $Id: stringset.h,v 1.1 2013-10-11 18:53:00-07 - - $
     $Id: auxlib.h,v 1.2 2013-10-11 18:53:00-07 - - $
     $Id: astree.h,v 1.2 2013-10-11 18:52:46-07 - - $
     $Id: lyutils.h,v 1.2 2013-10-11 18:53:00-07 - - $
     $Id: stringset.h,v 1.1 2013-10-11 18:53:00-07 - - $
     $Id: auxlib.h,v 1.2 2013-10-11 18:53:00-07 - - $
     $Id: astree.h,v 1.2 2013-10-11 18:52:46-07 - - $
     $Id: lyutils.h,v 1.2 2013-10-11 18:53:00-07 - - $
     $Id: auxlib.h,v 1.2 2013-10-11 18:53:00-07 - - $
     $Id: astree.h,v 1.2 2013-10-11 18:52:46-07 - - $
     $Id: lyutils.h,v 1.2 2013-10-11 18:53:00-07 - - $
